
Metric Pitches
------------------------------------------------------------------------------------------------------------------------
  mm 	 ratio 		 Gearsets
0.150	(21.167) 	->	[22.812 -> [[20, 20, 22] : [50, 55, 73]]]
0.200	(15.875) 	->	[16.295 -> [[20, 22, 28] : [50, 55, 73]]]
0.250	(12.700) 	->	[12.714 -> [[20, 20, 30] : [38, 55, 73]]]
0.300	(10.583) 	->	[10.618 -> [[20, 20, 22] : [32, 40, 73]]]
0.350	(9.071) 	->	[9.082 -> [[20, 28, 30] : [38, 55, 73]]]
0.400	(7.937) 	->	[7.946 -> [[20, 30, 32] : [38, 55, 73]]]
0.450	(7.056) 	->	[7.079 -> [[20, 22, 30] : [32, 40, 73]]]
0.500	(6.350) 	->	[6.357 -> [[20, 30, 40] : [38, 55, 73]]]
0.600	(5.292) 	->	[5.301 -> [[20, 28, 32] : [38, 50, 50]]]
0.700	(4.536) 	->	[4.541 -> [[28, 30, 40] : [38, 55, 73]]]
0.750	(4.233) 	->	[4.241 -> [[20, 28, 32] : [38, 40, 50]]]
0.800	(3.969) 	->	[3.972 -> [[28, 38, 38] : [40, 55, 73]], 3.973 -> [[30, 32, 40] : [38, 55, 73]], 3.969 -> [[22, 38, 55] : [50, 50, 73]], 3.971 -> [[20, 20, 50] : [38, 38, 55]]]
1.000	(3.175) 	->	[3.175 -> [[22, 38, 55] : [40, 50, 73]], 3.179 -> [[30, 32, 50] : [38, 55, 73]], 3.174 -> [[30, 38, 38] : [50, 50, 55]], 3.178 -> [[28, 38, 38] : [32, 55, 73]]]
1.250	(2.540) 	->	[2.539 -> [[30, 38, 38] : [40, 50, 55]], 2.543 -> [[20, 30, 40] : [22, 38, 73]], 2.540 -> [[22, 38, 55] : [32, 50, 73]]]
1.500	(2.117) 	->	[2.118 -> [[20, 20, 40] : [22, 28, 55]], 2.121 -> [[20, 28, 32] : [20, 38, 50]]]
1.750	(1.814) 	->	[1.814 -> [[20, 22, 40] : [28, 30, 38]], 1.816 -> [[32, 38, 40] : [22, 55, 73]], 1.816 -> [[28, 30, 40] : [22, 38, 73]], 1.813 -> [[20, 30, 73] : [38, 38, 55]], 1.815 -> [[20, 20, 50] : [22, 30, 55]]]
2.000	(1.587) 	->	[1.589 -> [[30, 32, 40] : [22, 38, 73]], 1.587 -> [[20, 22, 55] : [30, 32, 40]], 1.588 -> [[22, 38, 55] : [20, 50, 73]], 1.588 -> [[20, 20, 50] : [22, 38, 38]], 1.589 -> [[28, 38, 38] : [22, 40, 73]], 1.586 -> [[20, 38, 73] : [32, 50, 55]], 1.588 -> [[20, 50, 50] : [38, 38, 55]]]
2.500	(1.270) 	->	[1.270 -> [[22, 38, 55] : [20, 40, 73]], 1.270 -> [[30, 38, 38] : [20, 50, 55]], 1.269 -> [[20, 38, 73] : [32, 40, 55]], 1.271 -> [[28, 38, 38] : [22, 32, 73]], 1.271 -> [[30, 32, 50] : [22, 38, 73]], 1.270 -> [[30, 38, 38] : [22, 50, 50]]]
3.000	(1.058) 	->	[1.058 -> [[22, 55] : [32, 40]]]
3.500	(0.907) 	->	[0.907 -> [[20, 40, 50] : [22, 30, 55]], 0.907 -> [[22, 32, 50] : [28, 30, 38]], 0.909 -> [[32, 38, 38] : [28, 30, 50]], 0.906 -> [[28, 38, 73] : [32, 40, 55]], 0.907 -> [[20, 32, 55] : [28, 30, 38]], 0.907 -> [[30, 40, 73] : [38, 38, 55]]]
4.000	(0.794) 	->	[0.793 -> [[22, 55] : [30, 32]], 0.793 -> [[38, 73] : [40, 55]]]
4.500	(0.706) 	->	[0.705 -> [[22, 38, 38] : [20, 28, 40]], 0.705 -> [[22, 30, 55] : [20, 32, 40]], 0.705 -> [[28, 38, 40] : [20, 30, 50]], 0.705 -> [[28, 32, 38] : [20, 30, 40]], 0.706 -> [[30, 32, 50] : [22, 28, 55]], 0.706 -> [[20, 32, 73] : [22, 30, 50]], 0.706 -> [[40, 50, 55] : [28, 38, 73]], 0.705 -> [[38, 38, 55] : [28, 40, 50]]]
5.000	(0.635) 	->	[0.634 -> [[38, 73] : [32, 55]]]
5.500	(0.577) 	->	[0.578 -> [[50, 50] : [38, 38]], 0.577 -> [[38, 73] : [32, 50]]]
6.000	(0.529) 	->	[0.529 -> [[22, 55] : [20, 32]]]

Imperial Pitchs
------------------------------------------------------------------------------------------------------------------------
  tpi 	 ratio 		 GearSets
180.000	(22.500) 	->	[22.812 -> [[20, 20, 22] : [50, 55, 73]]]
160.000	(20.000) 	->	[20.739 -> [[20, 20, 22] : [50, 50, 73]]]
140.000	(17.500) 	->	[17.924 -> [[20, 20, 28] : [50, 55, 73]]]
120.000	(15.000) 	->	[15.208 -> [[20, 20, 30] : [50, 50, 73]]]
100.000	(12.500) 	->	[12.547 -> [[20, 20, 40] : [50, 55, 73]], 12.500 -> [[20, 20, 22] : [40, 50, 55]]]
80.000	(10.000) 	->	[10.000 -> [[20, 20, 22] : [32, 50, 55]], 10.037 -> [[20, 20, 38] : [38, 55, 73]]]
72.000	(9.000) 	->	[9.006 -> [[20, 22, 28] : [38, 40, 73]], 9.025 -> [[20, 20, 22] : [38, 38, 55]]]
64.000	(8.000) 	->	[8.000 -> [[20, 20, 22] : [32, 40, 55]], 8.004 -> [[20, 30, 38] : [50, 50, 73]], 8.030 -> [[20, 20, 50] : [40, 55, 73]], 8.004 -> [[22, 30, 38] : [50, 55, 73]]]
56.000	(7.000) 	->	[7.000 -> [[20, 20, 22] : [28, 40, 55]], 7.026 -> [[20, 20, 40] : [28, 55, 73]]]
48.000	(6.000) 	->	[6.000 -> [[20, 20, 22] : [30, 32, 55]], 6.003 -> [[22, 32, 38] : [40, 55, 73]], 6.004 -> [[22, 28, 30] : [38, 40, 73]], 6.003 -> [[20, 38, 40] : [50, 50, 73]], 6.016 -> [[20, 20, 32] : [28, 50, 55]], 6.003 -> [[20, 32, 38] : [40, 50, 73]], 6.003 -> [[22, 38, 40] : [50, 55, 73]]]
44.000	(5.500) 	->	[5.500 -> [[20, 20] : [40, 55]]]
40.000	(5.000) 	->	[5.000 -> [[20, 20] : [40, 50]], 5.000 -> [[20, 22] : [40, 55]]]
36.000	(4.500) 	->	[4.503 -> [[22, 28] : [38, 73]]]
32.000	(4.000) 	->	[4.000 -> [[20, 20] : [32, 50]], 4.000 -> [[20, 22] : [32, 55]]]
28.000	(3.500) 	->	[3.500 -> [[20, 22] : [28, 55]], 3.500 -> [[20, 20] : [28, 50]]]
26.000	(3.250) 	->	[3.247 -> [[22, 28] : [40, 50]]]
24.000	(3.000) 	->	[3.000 -> [[20, 20] : [30, 40]], 3.002 -> [[32, 38] : [50, 73]]]
20.000	(2.500) 	->	[2.500 -> [[22] : [55]], 2.500 -> [[20] : [50]]]
19.000	(2.375) 	->	[2.375 -> [[20, 40] : [38, 50]], 2.375 -> [[22, 40] : [38, 55]], 2.375 -> [[20, 32] : [38, 40]]]
18.000	(2.250) 	->	[2.252 -> [[22, 28, 40] : [20, 38, 73]], 2.248 -> [[20, 50, 50] : [28, 55, 73]], 2.251 -> [[32, 38, 40] : [30, 50, 73]], 2.248 -> [[20, 20, 50] : [22, 28, 73]], 2.252 -> [[28, 40, 55] : [38, 50, 73]], 2.252 -> [[28, 32, 55] : [38, 40, 73]], 2.252 -> [[22, 30, 55] : [28, 40, 73]], 2.251 -> [[28, 30, 32] : [22, 50, 55]], 2.248 -> [[20, 22, 73] : [38, 38, 50]]]
16.000	(2.000) 	->	[2.000 -> [[20] : [40]]]
14.000	(1.750) 	->	[1.750 -> [[20, 40] : [28, 50]], 1.750 -> [[22, 40] : [28, 55]], 1.750 -> [[20, 32] : [28, 40]]]
13.000	(1.625) 	->	[1.623 -> [[22, 28] : [20, 50]], 1.623 -> [[28, 55] : [50, 50]]]
12.000	(1.500) 	->	[1.500 -> [[20] : [30]]]
11.000	(1.375) 	->	[1.375 -> [[40] : [55]]]
10.000	(1.250) 	->	[1.250 -> [[32] : [40]], 1.250 -> [[40] : [50]]]
9.000	(1.125) 	->	[1.124 -> [[40, 50, 50] : [28, 55, 73]], 1.126 -> [[22, 30, 55] : [20, 28, 73]], 1.124 -> [[22, 32, 73] : [38, 38, 40]], 1.126 -> [[28, 32, 55] : [20, 38, 73]], 1.125 -> [[20, 28, 73] : [22, 38, 55]], 1.124 -> [[22, 40, 73] : [38, 38, 50]], 1.124 -> [[20, 40, 50] : [22, 28, 73]], 1.125 -> [[20, 30, 73] : [28, 32, 55]]]
8.000	(1.000) 	->	[1.000 -> [[20] : [20]], 1.000 -> [[50] : [50]], 1.000 -> [[38] : [38]]]
7.000	(0.875) 	->	[0.875 -> [[32] : [28]]]
6.000	(0.750) 	->	[0.750 -> [[40] : [30]]]
5.000	(0.625) 	->	[0.625 -> [[32] : [20]]]
4.500	(0.562) 	->	[0.562 -> [[22, 32, 73] : [20, 38, 38]], 0.563 -> [[28, 50, 55] : [30, 38, 38]], 0.562 -> [[32, 50, 50] : [22, 28, 73]], 0.563 -> [[22, 50, 55] : [28, 32, 38]], 0.563 -> [[30, 40, 73] : [28, 32, 55]], 0.563 -> [[30, 50, 73] : [28, 40, 55]], 0.563 -> [[20, 50, 50] : [22, 32, 40]], 0.562 -> [[32, 55, 73] : [38, 38, 50]], 0.563 -> [[20, 30, 73] : [22, 28, 40]], 0.562 -> [[28, 40, 73] : [22, 38, 55]]]
4.000	(0.500) 	->	[0.500 -> [[40] : [20]]]
3.500	(0.438) 	->	[0.438 -> [[32, 40] : [20, 28]]]
3.000	(0.375) 	->	[0.375 -> [[32, 50] : [20, 30]], 0.375 -> [[32, 55] : [22, 30]]]
2.875	(0.359) 	->	[0.360 -> [[55, 73] : [38, 38]], 0.360 -> [[32, 73] : [28, 30]]]
2.750	(0.344) 	->	[0.344 -> [[32, 40] : [20, 22]]]
2.625	(0.328) 	->	[0.329 -> [[30, 50, 50] : [22, 28, 40]], 0.328 -> [[32, 50, 55] : [20, 38, 38]], 0.328 -> [[28, 38, 55] : [20, 30, 32]]]
2.500	(0.312) 	->	[0.312 -> [[50, 73] : [30, 38]], 0.312 -> [[32, 40] : [20, 20]]]
